#LBA time[ms], KF opt[#], KF fixed[#], MP[#], Edges[#]
0.000000,3,1,0,1779
0.002404,4,1,0,2315
0.130764,5,1,0,2780
0.373825,6,1,0,3154
0.454470,7,1,0,3528
0.737228,8,1,0,3746
0.937356,9,1,0,3947
1.242140,10,1,0,4137
1.890861,0,0,0,0
70.890365,0,0,0,0
2.079525,0,0,0,0
1.848373,0,0,0,0
2.035918,0,0,0,0
2.458229,0,0,0,0
2.624953,0,0,0,0
2.930128,0,0,0,0
3.293132,0,0,0,0
3.641141,0,0,0,0
3.946464,0,0,0,0
4.312561,0,0,0,0
4.745008,0,0,0,0
6.552794,0,0,0,0
5.203537,0,0,0,0
5.040714,0,0,0,0
1.637236,0,0,0,0
1.076994,0,0,0,0
1.947544,0,0,0,0
1.013241,0,0,0,0
0.756294,0,0,0,0
0.857963,0,0,0,0
1.601853,0,0,0,0
2.014872,0,0,0,0
2.015036,0,0,0,0
2.251192,0,0,0,0
2.900837,0,0,0,0
2.577485,0,0,0,0
2.785322,0,0,0,0
2.639970,0,0,0,0
2.639397,0,0,0,0
2.773920,0,0,0,0
2.216483,0,0,0,0
0.868666,0,0,0,0
0.546280,3,1,0,776
0.193603,4,1,0,936
0.000000,5,1,0,1448
0.001266,6,1,0,1699
0.170894,7,1,0,2061
0.284235,8,1,0,2404
0.499910,9,1,0,2909
0.538826,10,1,0,3184
0.760638,3,1,0,1106
0.693877,4,1,0,1556
1.141213,5,1,0,1699
57.773980,6,1,0,1975
0.000000,7,1,0,2394
0.001037,8,1,0,2747
0.000000,9,1,0,3179
0.001592,10,1,0,3645
0.000000,0,0,0,0
0.001510,0,0,0,0
0.217468,0,0,0,0
0.374461,0,0,0,0
0.475579,0,0,0,0
0.666789,0,0,0,0
0.777261,0,0,0,0
1.039155,0,0,0,0
1.307461,0,0,0,0
62.921981,0,0,0,0
1.531975,0,0,0,0
3.451186,0,0,0,0
1.937177,0,0,0,0
2.151275,0,0,0,0
2.318821,0,0,0,0
2.802691,0,0,0,0
3.217332,0,0,0,0
3.402691,0,0,0,0
3.718051,3,1,0,1190
4.018453,3,1,0,833
4.465348,3,1,0,1039
5.730523,3,1,0,1426
4.511573,3,1,0,718
4.665748,4,1,0,1045
4.965665,5,1,0,1438
4.566267,6,1,0,1860
2.723917,7,1,0,2301
0.516339,8,1,0,2518
0.000000,9,1,0,2636
0.001214,10,1,0,2842
0.000000,0,0,0,0
0.000960,0,0,0,0
0.000000,0,0,0,0
0.001291,0,0,0,0
0.000000,0,0,0,0
0.001563,0,0,0,0
0.000000,0,0,0,0
0.001219,0,0,0,0
0.000000,0,0,0,0
0.001363,0,0,0,0
0.000000,0,0,0,0
0.001222,0,0,0,0
0.195645,0,0,0,0
0.000000,0,0,0,0
0.001998,0,0,0,0
0.459747,0,0,0,0
0.000000,0,0,0,0
0.001290,0,0,0,0
0.308517,0,0,0,0
0.000000,0,0,0,0
0.001855,0,0,0,0
0.341672,0,0,0,0
0.000000,0,0,0,0
0.000926,0,0,0,0
0.228900,0,0,0,0
0.353627,3,1,0,1107
0.589239,3,1,0,999
0.616499,3,1,0,1517
0.820987,3,1,0,1324
1.255968,4,1,0,1156
1.182332,5,1,0,1363
54.299987,6,1,0,1438
1.913508,7,1,0,1627
2.124548,8,1,0,1738
1.648154,9,1,0,1825
1.773256,10,1,0,2034
2.029067,3,1,0,1050
2.400463,3,1,0,1634
2.445574,4,1,0,2136
2.598580,5,1,0,2512
2.966294,6,1,0,2702
3.112367,7,1,0,2837
3.847577,8,1,0,3122
4.444934,9,1,0,3365
4.063517,10,1,0,3548
3.748785,0,0,0,0
4.165846,0,0,0,0
3.802242,0,0,0,0
2.737529,0,0,0,0
1.446279,3,1,0,893
1.026927,4,1,0,1325
0.998253,5,1,0,1932
1.022853,6,1,0,2365
1.140827,7,1,0,2572
1.140001,8,1,0,2797
1.347442,9,1,0,3056
0.749197,10,1,0,3242
0.000000,0,0,0,0
0.001137,0,0,0,0
0.335777,0,0,0,0
0.000000,0,0,0,0
0.002274,0,0,0,0
0.386355,0,0,0,0
0.000000,0,0,0,0
0.002309,0,0,0,0
0.474840,0,0,0,0
0.000000,0,0,0,0
0.001501,0,0,0,0
0.435128,0,0,0,0
0.416238,0,0,0,0
0.579868,0,0,0,0
0.768778,0,0,0,0
0.744775,0,0,0,0
1.141566,0,0,0,0
0.488598,0,0,0,0
42.079672,0,0,0,0
0.000000,0,0,0,0
0.001300,0,0,0,0
0.000000,0,0,0,0
0.001875,0,0,0,0
0.000000,0,0,0,0
0.001695,0,0,0,0
0.281187,0,0,0,0
0.000000,0,0,0,0
0.001754,0,0,0,0
0.479978,0,0,0,0
0.659912,0,0,0,0
0.886380,0,0,0,0
1.193933,0,0,0,0
1.231923,0,0,0,0
1.399718,0,0,0,0
1.541999,0,0,0,0
60.068821,0,0,0,0
2.115353,0,0,0,0
1.914135,0,0,0,0
1.756459,0,0,0,0
1.273594,0,0,0,0
0.000000,0,0,0,0
0.001537,0,0,0,0
0.000000,0,0,0,0
0.001235,0,0,0,0
0.000000,0,0,0,0
0.001107,0,0,0,0
0.000000,0,0,0,0
0.001326,0,0,0,0
0.000000,0,0,0,0
0.001376,0,0,0,0
0.000000,0,0,0,0
0.001075,0,0,0,0
0.479964,0,0,0,0
0.548126,0,0,0,0
0.739649,0,0,0,0
0.819356,0,0,0,0
1.303065,0,0,0,0
1.343847,0,0,0,0
1.680166,0,0,0,0
65.765146,0,0,0,0
2.058324,0,0,0,0
2.654902,0,0,0,0
2.178881,0,0,0,0
2.313729,0,0,0,0
2.601236,0,0,0,0
3.020580,0,0,0,0
3.114305,0,0,0,0
3.383991,0,0,0,0
3.656513,0,0,0,0
3.832091,0,0,0,0
4.520998,0,0,0,0
4.806697,0,0,0,0
4.240582,0,0,0,0
4.043295,0,0,0,0
3.421076,0,0,0,0
2.688017,0,0,0,0
2.756758,0,0,0,0
1.728294,0,0,0,0
1.740747,0,0,0,0
1.508711,0,0,0,0
1.618972,16443,678,6873,6873
1.834283,16473,681,6985,6985
1.439694,16503,684,7098,7098
1.607504,16533,687,7203,7203
1.757635,16572,690,7309,7309
3.075214,16611,693,7416,7416
6.386220,16650,696,7524,7524
3.921258,16680,699,7633,7633
3.949891,16710,702,7743,7743
5.578948,16740,705,7863,7863
4.037401,16770,708,7984,7984
3.846192,16800,711,8103,8103
4.276092,16830,714,8125,8125
4.357706,16869,717,8148,8148
3.225911,16908,720,8172,8172
10.727111,16947,723,8197,8197
2.447902,16977,726,8223,8223
3.126858,17007,729,8250,8250
3.155482,17037,732,8286,8286
3.220330,17067,735,8323,8323
2.822157,17097,738,8361,8361
3.693166,17127,741,8383,8383
5.622941,17151,744,8406,8406
5.473099,17175,747,8430,8430
5.654144,17199,750,8455,8455
4.604707,17205,753,8481,8481
3.123912,17211,756,8508,8508
3.182427,17217,759,8545,8545
4.773887,17223,762,8583,8583
4.363694,17229,765,8622,8622
7.474011,17235,768,8745,8745
3.507747,0,771,0,771
2.705265,0,0,0,0
3.644913,69,69,85,69
2.698460,0,0,0,0
2.627461,1,0,0,0
2.416731,32578,32578,32578,32578
3.278604,504100832,506228144,489421200,496643152
2.637666,32578,32578,32578,32578
4.821926,496817088,0,0,0
3.936626,32578,0,0,0
5.002857,496860064,0,0,0
4.616013,32578,0,0,0
5.338560,107082,82820,20153,106067
6.053013,21931,45,45,1094784172
5.204231,311950049,1593944588,480306224,-1476658784
6.448258,1062075065,1062506088,32578,1062357699
5.938681,64,78,480306232,71104801
6.215453,0,85,32578,1094787048
7.089461,69,69,480306232,69
6.285116,0,0,32578,0
4.775323,0,0,136,1
4.527428,32578,32578,153,32578
4.415383,498787152,506224640,85,477644080
5.920206,32578,32578,0,32578
4.322012,0,0,213,497682576
4.254260,0,0,296,32578
4.620301,0,0,306,496718032
4.734683,0,0,308,32578
6.350017,-1060444832,121040,368,70730
