#Stereo rect[ms], MP culling[ms], MP creation[ms], LBA[ms], KF culling[ms], Total[ms]
0.145655,0.025794,7.453331,0.000000,0.000000,7.627421
0.310897,0.094763,5.558177,0.002404,0.002404,5.968747
5.467846,0.251888,6.377605,0.130764,0.130764,22.644725
5.360486,0.123086,5.569077,0.373825,0.373825,23.409332
5.556687,0.114889,6.848688,0.454470,0.454470,27.976024
5.756504,0.094056,7.527337,0.737228,0.737228,36.508183
5.818901,0.066878,8.336371,0.937356,0.937356,35.190256
5.997349,0.073624,9.331589,1.242140,1.242140,38.311486
5.695783,0.054050,13.106354,1.890861,1.890861,47.068682
5.284600,0.054567,10.742427,70.890365,70.890365,116.437688
6.162537,0.067638,13.908365,2.079525,2.079525,54.121677
6.456600,0.040594,13.556504,1.848373,1.848373,54.347605
6.362789,0.046854,15.774014,2.035918,2.035918,57.336572
5.843541,0.059322,14.888706,2.458229,2.458229,59.668199
6.170105,0.083929,21.295873,2.624953,2.624953,71.545270
6.473961,0.071589,17.605798,2.930128,2.930128,75.959404
7.647172,0.070491,19.305030,3.293132,3.293132,78.807995
8.098727,0.070604,19.729477,3.641141,3.641141,85.898417
7.348101,0.093657,21.092830,3.946464,3.946464,84.315335
6.309853,0.097255,18.806802,4.312561,4.312561,85.739648
6.184705,0.090825,18.931302,4.745008,4.745008,328.569761
5.032759,0.124506,22.571023,6.552794,6.552794,116.859596
5.198757,0.112299,17.362400,5.203537,5.203537,97.490860
5.162650,0.109217,20.040485,5.040714,5.040714,102.322671
3.648316,0.126983,20.154646,1.637236,1.637236,93.142882
4.290626,0.074415,23.355355,1.076994,1.076994,98.588885
4.398612,0.102109,19.882997,1.947544,1.947544,99.367329
7.040180,0.129949,19.690669,1.013241,1.013241,105.659545
5.019316,0.107740,19.178687,0.756294,0.756294,94.199904
5.297697,0.105583,19.500343,0.857963,0.857963,95.774595
5.475868,0.103073,18.635899,1.601853,1.601853,98.855607
5.332151,0.119494,21.236419,2.014872,2.014872,100.802238
7.996722,0.166251,16.963467,2.015036,2.015036,98.786663
3.777044,0.152202,21.266172,2.251192,2.251192,105.490577
4.525894,0.154545,18.809481,2.900837,2.900837,103.880640
4.901175,0.116569,22.226276,2.577485,2.577485,111.212404
6.056457,0.119245,20.036540,2.785322,2.785322,111.659002
7.016287,0.130605,20.143974,2.639970,2.639970,111.368105
5.962688,0.182777,21.500878,2.639397,2.639397,106.250370
5.857431,0.105255,19.510733,2.773920,2.773920,103.741331
4.558483,0.091455,20.516532,2.216483,2.216483,95.387824
3.882796,0.123401,21.024138,0.868666,0.868666,59.982636
4.193348,0.069823,20.058456,0.546280,0.546280,88.657636
4.585089,0.107421,18.098718,0.193603,0.193603,50.115392
0.340129,0.011610,5.365706,0.000000,0.000000,5.717694
0.106102,0.038830,6.191570,0.001266,0.001266,6.338642
5.671363,0.093824,4.706182,0.170894,0.170894,14.705550
4.443983,0.105250,5.381608,0.284235,0.284235,15.253833
4.562155,0.094028,7.403918,0.499910,0.499910,20.219248
5.194575,0.104575,8.034291,0.538826,0.538826,24.242377
4.552861,0.072295,8.186947,0.760638,0.760638,25.934911
4.171325,0.097565,7.622187,0.693877,0.693877,33.827683
5.253566,0.061724,9.576012,1.141213,1.141213,37.761344
5.711580,0.094962,14.262936,57.773980,57.773980,103.328034
0.150395,0.007822,1.497885,0.000000,0.000000,1.656480
0.065560,0.026192,1.408938,0.001037,0.001037,1.502274
0.101924,0.006911,5.780307,0.000000,0.000000,5.889434
0.114380,0.048901,4.225395,0.001592,0.001592,4.391196
0.106103,0.005030,2.710312,0.000000,0.000000,2.821783
0.139915,0.059165,2.373241,0.001510,0.001510,2.574547
4.903821,0.159530,4.298403,0.217468,0.217468,15.286573
4.344568,0.135469,5.575779,0.374461,0.374461,18.441328
4.604667,0.167369,5.479945,0.475579,0.475579,19.028366
5.236227,0.093033,6.390236,0.666789,0.666789,21.420777
4.714332,0.091490,6.765582,0.777261,0.777261,27.320476
4.808550,0.089648,7.624286,1.039155,1.039155,29.769491
5.949000,0.098754,8.215815,1.307461,1.307461,35.749211
7.325444,0.100512,10.252016,62.921981,62.921981,102.319028
4.132405,0.111700,11.341789,1.531975,1.531975,46.674158
5.037991,0.150903,10.036596,3.451186,3.451186,50.340843
6.191772,0.111223,12.693974,1.937177,1.937177,50.141891
6.087489,0.074053,13.166425,2.151275,2.151275,55.267639
6.520244,0.102578,14.842907,2.318821,2.318821,61.021781
5.829490,0.117363,14.787535,2.802691,2.802691,65.445757
6.939310,0.114968,16.559574,3.217332,3.217332,72.800632
6.270196,0.079004,16.353708,3.402691,3.402691,73.209429
6.662380,0.109972,17.373051,3.718051,3.718051,80.997646
5.619020,0.068695,17.130602,4.018453,4.018453,83.206169
6.355952,0.101785,15.959806,4.465348,4.465348,290.767240
10.341654,0.123940,21.914811,5.730523,5.730523,107.434171
7.637153,0.091720,19.804599,4.511573,4.511573,93.122337
6.951601,0.101759,19.520172,4.665748,4.665748,92.867720
6.706528,0.104944,21.397741,4.965665,4.965665,101.005209
5.554170,0.083322,18.779893,4.566267,4.566267,97.033263
4.497907,0.111950,21.471416,2.723917,2.723917,99.254439
4.144519,0.093642,17.326164,0.516339,0.516339,59.109194
0.247945,0.015179,3.554430,0.000000,0.000000,3.817888
0.108051,0.042709,3.799752,0.001214,0.001214,3.953038
0.146794,0.006761,8.305607,0.000000,0.000000,8.459608
0.141820,0.056787,8.267372,0.000960,0.000960,8.467927
0.143814,0.007890,10.341876,0.000000,0.000000,10.493989
0.131511,0.046242,9.609754,0.001291,0.001291,9.789738
0.199817,0.021884,8.095379,0.000000,0.000000,8.317558
0.225088,0.096423,7.759172,0.001563,0.001563,8.083033
0.166832,0.006997,3.976307,0.000000,0.000000,4.150516
0.124529,0.052766,2.742593,0.001219,0.001219,2.921895
0.365491,0.003996,2.512411,0.000000,0.000000,2.882209
0.069537,0.029341,1.880315,0.001363,0.001363,1.981131
0.145749,0.010596,3.854802,0.000000,0.000000,4.011493
0.102023,0.039288,3.765634,0.001222,0.001222,3.909049
5.196279,0.101800,4.545590,0.195645,0.195645,16.461597
0.211985,0.008827,4.469248,0.000000,0.000000,4.690624
0.180566,0.080694,3.483108,0.001998,0.001998,3.747435
6.475195,0.196302,5.376180,0.459747,0.459747,21.117487
0.142376,0.017169,3.164435,0.000000,0.000000,3.324401
0.099961,0.043323,2.325849,0.001290,0.001290,2.471050
5.230788,0.120636,4.613447,0.308517,0.308517,16.974457
0.197389,0.014850,3.981047,0.000000,0.000000,4.193666
0.260898,0.114734,2.782346,0.001855,0.001855,3.160547
4.637833,0.242570,7.352475,0.341672,0.341672,21.028719
0.176987,0.004422,1.668004,0.000000,0.000000,1.849747
0.085109,0.036502,1.057466,0.000926,0.000926,1.180571
3.907878,0.131623,2.332834,0.228900,0.228900,10.439792
4.487177,0.092092,3.797440,0.353627,0.353627,14.163696
4.880906,0.074326,4.236560,0.589239,0.589239,17.893308
4.597508,0.094112,6.769519,0.616499,0.616499,22.674604
5.152803,0.103055,7.705710,0.820987,0.820987,28.107249
4.432526,0.113864,5.722028,1.255968,1.255968,28.078439
3.611150,0.095351,5.387886,1.182332,1.182332,27.896519
3.861144,0.073341,6.320215,54.299987,54.299987,83.849924
4.127267,0.065279,6.678286,1.913508,1.913508,32.727297
4.359659,0.056848,7.827969,2.124548,2.124548,35.887697
4.182226,0.056056,8.605552,1.648154,1.648154,42.724727
4.135982,0.076344,8.780525,1.773256,1.773256,42.511293
4.527315,0.067399,9.464573,2.029067,2.029067,49.067813
6.142398,0.064159,11.737286,2.400463,2.400463,59.159499
8.133563,0.097172,16.063274,2.445574,2.445574,67.537403
4.314384,0.062065,12.430880,2.598580,2.598580,58.651220
4.683335,0.664762,10.968501,2.966294,2.966294,61.629339
5.384292,0.062141,14.843286,3.112367,3.112367,75.006520
6.215378,0.074174,12.182051,3.847577,3.847577,73.103011
4.812240,0.092104,14.152251,4.444934,4.444934,235.087373
4.228336,0.091514,17.361471,4.063517,4.063517,85.116525
5.292866,0.084961,18.159505,3.748785,3.748785,86.126486
5.555947,0.076399,18.217891,4.165846,4.165846,87.983301
5.648740,0.118925,16.153141,3.802242,3.802242,88.616392
5.465517,0.114413,15.533940,2.737529,2.737529,83.178415
5.380611,0.153518,15.621757,1.446279,1.446279,83.185651
5.017793,0.082821,16.523262,1.026927,1.026927,81.260094
5.485692,0.076451,18.231377,0.998253,0.998253,82.869902
5.189953,0.066077,18.324799,1.022853,1.022853,80.176429
5.015521,0.051825,19.598417,1.140827,1.140827,81.243767
6.108954,0.079126,21.350467,1.140001,1.140001,85.596373
5.110549,0.069315,17.588097,1.347442,1.347442,78.526988
4.830896,0.083010,20.865391,0.749197,0.749197,47.251968
0.294997,0.012843,2.490887,0.000000,0.000000,2.799044
0.136359,0.060440,2.222899,0.001137,0.001137,2.421544
4.232884,0.147782,3.426778,0.335777,0.335777,14.192882
0.193474,0.011227,6.253791,0.000000,0.000000,6.458831
0.171712,0.068686,4.513688,0.002274,0.002274,4.757791
5.707072,0.226004,4.942705,0.386355,0.386355,18.859838
0.228877,0.014689,8.797491,0.000000,0.000000,9.041495
0.322396,0.146752,3.878873,0.002309,0.002309,4.351407
5.976276,0.270617,3.352581,0.474840,0.474840,18.549506
0.191805,0.004769,9.575094,0.000000,0.000000,9.771989
0.228733,0.107055,7.275156,0.001501,0.001501,7.613510
5.148933,0.352000,4.677017,0.435128,0.435128,18.109236
4.897096,0.149728,6.363775,0.416238,0.416238,18.422351
4.745700,0.065826,7.600012,0.579868,0.579868,21.330232
4.844656,0.086801,8.531538,0.768778,0.768778,23.476990
5.073994,0.049512,8.759823,0.744775,0.744775,24.329942
5.506726,0.063165,9.862514,1.141566,1.141566,30.568422
4.995261,0.067166,11.221984,0.488598,0.488598,29.470610
5.033630,0.103147,12.128709,42.079672,42.079672,71.822795
0.213938,0.012754,4.264920,0.000000,0.000000,4.492020
0.100784,0.039128,4.184932,0.001300,0.001300,4.326858
0.134054,0.013046,4.530523,0.000000,0.000000,4.678112
0.190546,0.080929,3.930423,0.001875,0.001875,4.204955
0.177909,0.009296,3.863965,0.000000,0.000000,4.051514
0.103849,0.041597,3.423584,0.001695,0.001695,3.571518
4.163217,0.156127,4.718811,0.281187,0.281187,15.101288
0.186299,0.017886,3.416147,0.000000,0.000000,3.620683
0.267998,0.119706,2.646834,0.001754,0.001754,3.037163
4.860032,0.288549,4.368245,0.479978,0.479978,19.279658
5.384039,0.222802,4.960834,0.659912,0.659912,23.021432
5.256284,0.161954,5.522721,0.886380,0.886380,26.276486
5.733706,0.134476,5.880017,1.193933,1.193933,32.655412
5.464799,0.138351,6.718801,1.231923,1.231923,32.938173
5.831364,0.069931,9.090413,1.399718,1.399718,36.342668
5.278637,0.071658,7.525850,1.541999,1.541999,35.987811
5.752492,0.084251,9.124893,60.068821,60.068821,97.179506
5.645650,0.101312,12.776827,2.115353,2.115353,72.402010
6.887907,0.038980,12.985615,1.914135,1.914135,55.516640
5.342377,0.088147,13.665594,1.756459,1.756459,46.477869
4.902774,0.086907,16.132172,1.273594,1.273594,50.091217
0.167650,0.004888,13.635999,0.000000,0.000000,13.808902
0.187601,0.080098,7.842268,0.001537,0.001537,8.112324
0.217551,0.009457,4.450160,0.000000,0.000000,4.677389
0.076000,0.029635,4.247195,0.001235,0.001235,4.354916
0.127140,0.005305,1.137069,0.000000,0.000000,1.269850
0.064180,0.026519,1.056903,0.001107,0.001107,1.149279
0.096244,0.006494,3.618060,0.000000,0.000000,3.721256
0.062405,0.026596,3.121250,0.001326,0.001326,3.212571
0.085174,0.006422,1.626997,0.000000,0.000000,1.719021
0.072289,0.030362,1.377961,0.001376,0.001376,1.482654
0.108814,0.006658,1.585186,0.000000,0.000000,1.700933
0.101590,0.039118,1.410861,0.001075,0.001075,1.553394
4.774676,0.130926,4.473708,0.479964,0.479964,15.468493
4.258576,0.131874,4.136844,0.548126,0.548126,17.299339
4.680595,0.122074,5.321714,0.739649,0.739649,21.523448
4.644223,0.130710,5.173828,0.819356,0.819356,26.343680
3.957878,0.151676,9.141023,1.303065,1.303065,30.214000
4.507103,0.099052,6.451209,1.343847,1.343847,28.613087
4.026766,0.084901,6.346567,1.680166,1.680166,29.436010
3.850130,0.084731,6.004904,65.765146,65.765146,97.246125
4.503739,0.077315,8.840446,2.058324,2.058324,62.299241
4.910697,0.045839,10.523533,2.654902,2.654902,50.480229
6.253565,0.059773,11.860806,2.178881,2.178881,52.768482
5.862361,0.095252,12.503011,2.313729,2.313729,55.600145
6.219151,0.118380,11.429894,2.601236,2.601236,58.082455
5.973939,0.115257,16.651842,3.020580,3.020580,74.952121
7.046010,0.115918,14.509976,3.114305,3.114305,74.354846
7.152204,0.093444,14.924439,3.383991,3.383991,73.681886
5.855191,0.106624,16.238114,3.656513,3.656513,81.297118
6.972001,0.096237,17.588469,3.832091,3.832091,82.705976
7.261280,0.121067,18.092906,4.520998,4.520998,87.878090
6.899169,0.079853,18.562072,4.806697,4.806697,87.671348
6.173393,0.086298,17.077551,4.240582,4.240582,206.828433
5.403849,0.110485,18.486124,4.043295,4.043295,90.398907
5.100872,0.041032,16.592291,3.421076,3.421076,89.937840
8.614966,0.100737,17.542001,2.688017,2.688017,96.335259
5.391809,0.138890,16.723701,2.756758,2.756758,93.198404
6.820203,0.115487,16.666575,1.728294,1.728294,94.211678
4.733459,0.105216,17.249133,1.740747,1.740747,92.598412
4.928986,0.084616,17.995526,1.508711,1.508711,94.135145
4.985833,0.087697,20.001839,1.618972,1.618972,97.146861
4.745477,0.097243,21.449904,1.834283,1.834283,97.840017
4.970620,0.082762,19.956452,1.439694,1.439694,97.713360
4.569268,0.085967,22.682271,1.607504,1.607504,100.062935
4.905316,0.100957,23.914461,1.757635,1.757635,58.007500
5.238088,0.043905,24.556729,3.075214,3.075214,66.485938
5.827179,0.051394,24.770679,6.386220,6.386220,110.974213
6.432826,0.053243,26.038967,3.921258,3.921258,106.580806
6.169642,0.067263,25.876264,3.949891,3.949891,103.616515
6.400195,0.060463,26.931978,5.578948,5.578948,108.088465
6.831747,0.067176,26.527926,4.037401,4.037401,104.814387
5.933670,0.080672,22.251751,3.846192,3.846192,103.060250
5.731841,0.091671,24.504314,4.276092,4.276092,104.653468
5.206242,0.069397,26.296861,4.357706,4.357706,98.321455
5.673582,0.051547,23.553576,3.225911,3.225911,542.992595
4.926453,0.150635,29.078883,10.727111,10.727111,87.364802
5.176421,0.126286,29.471086,2.447902,2.447902,94.028300
3.442938,0.177274,16.776835,3.126858,3.126858,74.175674
2.230735,0.148277,11.640915,3.155482,3.155482,67.360760
7.976518,0.062943,24.184157,3.220330,3.220330,84.919118
5.330249,0.051165,27.868601,2.822157,2.822157,88.949783
6.832288,0.093809,31.078393,3.693166,3.693166,96.711866
7.066766,0.100018,32.209868,5.622941,5.622941,109.034648
7.008243,0.107343,27.024467,5.473099,5.473099,105.151882
6.594997,0.112196,27.871429,5.654144,5.654144,96.370041
6.290993,0.094625,27.528960,4.604707,4.604707,92.403681
6.198293,0.091728,30.542185,3.123912,3.123912,90.587027
5.322531,0.068877,27.863725,3.182427,3.182427,67.131810
4.847892,0.063243,31.170748,4.773887,4.773887,77.044225
5.098778,0.201384,24.167789,4.363694,4.363694,81.678114
4.668023,0.071069,24.341584,7.474011,7.474011,89.316391
4.958831,0.095016,26.364173,3.507747,3.507747,86.140862
3.635987,0.889480,16.481000,2.705265,2.705265,53.669438
3.378849,0.103610,10.305348,3.644913,3.644913,42.782972
0.849504,0.061292,10.745942,2.698460,2.698460,44.830207
0.923374,0.035703,6.871022,2.627461,2.627461,38.035423
2.027779,0.017400,9.098109,2.416731,2.416731,26.006636
2.913985,0.016415,13.778143,3.278604,3.278604,67.210442
3.334740,0.060304,15.101560,2.637666,2.637666,36.629742
4.474094,0.102152,21.943851,4.821926,4.821926,78.954238
5.726313,0.096804,27.688516,3.936626,3.936626,87.898525
7.076449,0.130586,28.339133,5.002857,5.002857,91.930404
7.273117,0.116558,25.874963,4.616013,4.616013,90.697567
10.354070,0.102254,27.173632,5.338560,5.338560,98.228789
7.121631,0.115773,28.349166,6.053013,6.053013,101.112989
6.491860,0.098189,26.568444,5.204231,5.204231,99.422076
6.930628,0.110786,28.726779,6.448258,6.448258,108.573642
6.910749,0.079848,31.633512,5.938681,5.938681,102.841709
7.141938,0.094877,28.474269,6.215453,6.215453,105.614650
7.722645,0.120788,27.933267,7.089461,7.089461,100.177146
8.077156,0.081990,28.489514,6.285116,6.285116,101.504945
6.810649,0.075883,27.618211,4.775323,4.775323,94.673264
5.190643,0.059678,21.601034,4.527428,4.527428,66.588048
6.778566,0.045843,25.718343,4.415383,4.415383,77.684862
7.876654,0.007221,29.141157,5.920206,5.920206,83.417193
7.161054,0.000509,24.850135,4.322012,4.322012,83.214861
7.449124,0.000501,32.091654,4.254260,4.254260,79.016482
7.304154,0.000638,30.583725,4.620301,4.620301,65.861790
7.161105,0.000667,30.315898,4.734683,4.734683,63.838849
6.815515,0.003932,30.399070,6.350017,6.350017,64.103107
